From computer to controller 25.3.23

AA 01 01 01 00 03 00 00 1E 32



captured with rs232 duplicator 27.3.23 3pm

AA 01 01 01 00 03 00 00 1E 32 AA 01 01 03 00 20 00 00 01 00 26 02 07 02 67 00 00 00 00 00 00 00 16 02 00 00 0F 00 10 00 40 00 3D 00 3E DD 00 00 C9                                                                
                                                                                                                                                                                                                  
AA 01 01 01 02 03 00 00 30 1E AA 01 01 03 02 32 00 00 40 60 00 00 00 00 01 00 BD 02 6A 08 00 00 CC 1D 00 00 C6 52 01 00 CA 6E 0C 00 F8 48 3F 00 14 52 00 00 00 00 00 00 00 00 00 00 00 00 14 00 01 00 0B          
                                                                                                                                                                                                                  
AA 01 01 01 01 03 00 00 14 3B AA 01 01 03 01 16 00 00 40 60 00 00 00 00 90 00 89 00 58 02 58 02 92 00 78 00 00 00 C3                                                                                              
                                                                                                                                                                                                                  
AA 01 01 01 07 03 00 00 0E 3B AA 01 01 03 07 10 00 00 40 60 A0 00 69 00 95 00 94 00 73 00 6E 00 87                                                                                                                
                                                                                                                                                                                                                  
AA 01 01 01 04 03 00 00 22 2A AA 01 01 03 04 24 00 00 40 60 FE 13 50 14 2C 01 F4 01 0A 00 0A 00 12 00 1E 00 15 00 1E 00 05 00 0A 00 06 00 1E 00 00 00 01 00 47                                                    
                                                                                                                                                                                                                  
AA 01 01 01 03 03 01 00 14 38 AA 01 01 03 03 16 01 00 F1 0C 00 00 74 06 00 00 2A 08 C3 01 98 08 CA 01 6D 06 00 00 EC                                                                                              
                                                                                                                                                                                                                  


AA 01 01 01 00 03 00 00 1E 32 AA 01 01 03 00 20 00 00 01 00 26 02 07 02 66 00 00 00 00 00 00 00 11 02 00 00 0F 00 10 00 40 00 3D 00 3E DD 00 00 CF                                                                
                                                                                                                                                                                                                  
AA 01 01 01 02 03 00 00 30 1E AA 01 01 03 02 32 00 00 40 60 00 00 00 00 01 00 BD 02 6A 08 00 00 CE 1D 00 00 D0 52 01 00 CC 6E 0C 00 02 49 3F 00 16 52 00 00 00 00 00 00 00 00 00 00 00 00 14 00 01 00 F0          
                                                                                                                                                                                                                  
AA 01 01 01 01 03 00 00 14 3B AA 01 01 03 01 16 00 00 40 60 00 00 00 00 90 00 89 00 58 02 58 02 92 00 78 00 00 00 C3                                                                                              
                                                                                                                                                                                                                  
AA 01 01 01 07 03 00 00 0E 3B AA 01 01 03 07 10 00 00 40 60 A0 00 69 00 95 00 94 00 73 00 6E 00 87                                                                                                                
                                                                                                                                                                                                                  
AA 01 01 01 04 03 00 00 22 2A AA 01 01 03 04 24 00 00 40 60 FE 13 50 14 2C 01 F4 01 0A 00 0A 00 12 00 1E 00 15 00 1E 00 05 00 0A 00 06 00 1E 00 00 00 01 00 47                                                    
                                                                                                                                                                                                                  
AA 01 01 01 03 03 01 00 14 38 AA 01 01 03 03 16 01 00 F1 0C 00 00 74 06 00 00 2A 08 C3 01 98 08 CA 01 6D 06 00 00 EC                                                                                              
                                                                                                                                                                                                                  


AA 01 01 01 00 03 00 00 1E 32 AA 01 01 03 00 20 00 00 01 00 26 02 07 02 65 00 00 00 00 00 00 00 0C 02 00 00 0F 00 10 00 40 00 3D 00 40 DD 00 00 D3                                                                
                                                                                                                                                                                                                  
AA 01 01 01 02 03 00 00 30 1E AA 01 01 03 02 32 00 00 40 60 00 00 00 00 01 00 BD 02 6A 08 00 00 CF 1D 00 00 DB 52 01 00 CD 6E 0C 00 0D 49 3F 00 17 52 00 00 00 00 00 00 00 00 00 00 00 00 14 00 01 00 D7          
                                                                                                                                                                                                                  
AA 01 01 01 01 03 00 00 14 3B AA 01 01 03 01 16 00 00 40 60 00 00 00 00 90 00 89 00 58 02 58 02 92 00 78 00 00 00 C3                                                                                              
                                                                                                                                                                                                                  
AA 01 01 01 07 03 00 00 0E 3B AA 01 01 03 07 10 00 00 40 60 A0 00 69 00 95 00 94 00 73 00 6E 00 87                                                                                                                
                                                                                                                                                                                                                  
AA 01 01 01 04 03 00 00 22 2A AA 01 01 03 04 24 00 00 40 60 FE 13 50 14 2C 01 F4 01 0A 00 0A 00 12 00 1E 00 15 00 1E 00 05 00 0A 00 06 00 1E 00 00 00 01 00 47                                                    
                                                                                                                                                                                                                  
AA 01 01 01 03 03 01 00 14 38 AA 01 01 03 03 16 01 00 F1 0C 00 00 74 06 00 00 2A 08 C3 01 98 08 CA 01 6D 06 00 00 EC 

realterm settings
display hex with space, 210 columns, 50 rows, double new line injected (next to clear button.)

captured to split 27.3.23 6pm

AA 01 01 01 00 03 00 00 1E 32 AA 01 01 03 00 20 00 00 01 00 44 02 25 02 56 00 00 00 00 00 00 00 D8 01 00 00 0D 00 1E 00 53 00 3D 00 23 E1 00 00 D5                                                                
                                                                                                                                                                                                                  
AA 01 01 01 02 03 00 00 30 1E AA 01 01 03 02 32 00 00 40 60 00 00 00 00 01 00 BD 02 6A 08 00 00 C8 21 00 00 82 75 01 00 C6 72 0C 00 B4 6B 3F 00 10 56 00 00 00 00 00 00 00 00 00 00 00 00 14 00 01 00 4D          
                                                                                                                                                                                                                  
AA 01 01 01 01 03 00 00 14 3B AA 01 01 03 01 16 00 00 40 60 00 00 00 00 90 00 89 00 58 02 58 02 92 00 78 00 00 00 C3                                                                                              
                                                                                                                                                                                                                  
AA 01 01 01 07 03 00 00 0E 3B AA 01 01 03 07 10 00 00 40 60 A0 00 69 00 95 00 94 00 73 00 6E 00 87                                                                                                                
                                                                                                                                                                                                                  
AA 01 01 01 04 03 00 00 22 2A AA 01 01 03 04 24 00 00 40 60 FE 13 50 14 2C 01 F4 01 0A 00 0A 00 12 00 1E 00 15 00 1E 00 05 00 0A 00 06 00 1E 00 00 00 01 00 47                                                    
                                                                                                                                                                                                                  
AA 01 01 01 03 03 01 00 14 38 AA 01 01 03 03 16 01 00 F1 0C 00 00 74 06 00 00 2A 08 C6 01 98 08 C9 01 6D 06 00 00 EA                                                                                              
                                                                                                                                                                                                                  

AA 01 01 01 00 03 00 00 1E 32 AA 01 01 03 00 20 00 00 01 00 44 02 25 02 54 00 00 00 00 00 00 00 CD 01 00 00 0D 00 1E 00 53 00 3D 00 24 E1 00 00 E1                                                                
                                                                                                                                                                                                                  
AA 01 01 01 02 03 00 00 30 1E AA 01 01 03 02 32 00 00 40 60 00 00 00 00 01 00 BD 02 6A 08 00 00 CA 21 00 00 8E 75 01 00 C8 72 0C 00 C0 6B 3F 00 12 56 00 00 00 00 00 00 00 00 00 00 00 00 14 00 01 00 2F          
                                                                                                                                                                                                                  
AA 01 01 01 01 03 00 00 14 3B AA 01 01 03 01 16 00 00 40 60 00 00 00 00 90 00 89 00 58 02 58 02 92 00 78 00 00 00 C3                                                                                              
                                                                                                                                                                                                                  
AA 01 01 01 07 03 00 00 0E 3B AA 01 01 03 07 10 00 00 40 60 A0 00 69 00 95 00 94 00 73 00 6E 00 87                                                                                                                
                                                                                                                                                                                                                  
AA 01 01 01 04 03 00 00 22 2A AA 01 01 03 04 24 00 00 40 60 FE 13 50 14 2C 01 F4 01 0A 00 0A 00 12 00 1E 00 15 00 1E 00 05 00 0A 00 06 00 1E 00 00 00 01 00 47                                                    
                                                                                                                                                                                                                  
AA 01 01 01 03 03 01 00 14 38 AA 01 01 03 03 16 01 00 F1 0C 00 00 74 06 00 00 2A 08 C6 01 98 08 C8 01 6D 06 00 00 EB                                                                                              
                                                                                                                                                                                                                  

AA 01 01 01 00 03 00 00 1E 32 AA 01 01 03 00 20 00 00 01 00 43 02 24 02 52 00 00 00 00 00 00 00 C1 01 00 00 0D 00 1F 00 53 00 3D 00 25 E1 00 00 EF                                                                
                                                                                                                                                                                                                  
AA 01 01 01 02 03 00 00 30 1E AA 01 01 03 02 32 00 00 40 60 00 00 00 00 01 00 BD 02 6A 08 00 00 CB 21 00 00 98 75 01 00 C9 72 0C 00 CA 6B 3F 00 13 56 00 00 00 00 00 00 00 00 00 00 00 00 14 00 01 00 18          
                                                                                                                                                                                                                  
AA 01 01 01 01 03 00 00 14 3B AA 01 01 03 01 16 00 00 40 60 00 00 00 00 90 00 89 00 58 02 58 02 92 00 78 00 00 00 C3                                                                                              
                                                                                                                                                                                                                  
AA 01 01 01 07 03 00 00 0E 3B AA 01 01 03 07 10 00 00 40 60 A0 00 69 00 95 00 94 00 73 00 6E 00 87                                                                                                                
                                                                                                                                                                                                                  
AA 01 01 01 04 03 00 00 22 2A AA 01 01 03 04 24 00 00 40 60 FE 13 50 14 2C 01 F4 01 0A 00 0A 00 12 00 1E 00 15 00 1E 00 05 00 0A 00 06 00 1E 00 00 00 01 00 47                                                    
                                                                                                                                                                                                                  
AA 01 01 01 03 03 01 00 14 38 AA 01 01 03 03 16 01 00 F1 0C 00 00 74 06 00 00 2A 08 C6 01 98 08 C9 01 6D 06 00 00 EA 



captured 27.3.23 at 2337


AA 01 01 01 00 03 00 00 1E 32 AA 01 01 03 00 20 00 00 00 00 01 00 08 02 00 00 00 00 00 00 00 00 00 00 00 00 0B 00 0E 00 40 00 3D 00 93 E1 40 00 DC                                                                
                                                                                                                                                                                                                  
AA 01 01 01 02 03 00 00 30 1E AA 01 01 03 02 32 00 00 40 60 00 00 00 00 01 00 BD 02 6A 08 00 00 3B 22 00 00 3B 83 01 00 39 73 0C 00 6D 79 3F 00 83 56 00 00 00 00 00 00 00 00 00 00 00 00 14 00 01 00 64          
                                                                                                                                                                                                                  
AA 01 01 01 01 03 00 00 14 3B AA 01 01 03 01 16 00 00 40 60 00 00 00 00 90 00 89 00 58 02 58 02 92 00 78 00 00 00 C3                                                                                              

AA 01 01 01 07 03 00 00 0E 3B AA 01 01 03 07 10 00 00 40 60 A0 00 69 00 95 00 94 00 73 00 6E 00 87                                                                                                                

AA 01 01 01 04 03 00 00 22 2A AA 01 01 03 04 24 00 00 40 60 FE 13 50 14 2C 01 F4 01 0A 00 0A 00 12 00 1E 00 15 00 1E 00 05 00 0A 00 06 00 1E 00 00 00 01 00 47                                                    
                                                                                                                                                                                                                  
AA 01 01 01 03 03 01 00 14 38 AA 01 01 03 03 16 01 00 F1 0C 00 00 74 06 00 00 2A 08 CC 01 98 08 C7 01 6D 06 00 00 E6                                                                                              
                                                                                                                                                                                                                  

AA 01 01 01 00 03 00 00 1E 32 AA 01 01 03 00 20 00 00 00 00 01 00 08 02 00 00 00 00 00 00 00 00 00 00 00 00 0B 00 0E 00 43 00 3D 00 93 E1 40 00 D9                                                                
                                                                                                                                                                                                                  
AA 01 01 01 02 03 00 00 30 1E AA 01 01 03 02 32 00 00 40 60 00 00 00 00 01 00 BD 02 6A 08 00 00 3B 22 00 00 3B 83 01 00 39 73 0C 00 6D 79 3F 00 83 56 00 00 00 00 00 00 00 00 00 00 00 00 14 00 01 00 64          
                                                                                                                                                                                                                  
AA 01 01 01 01 03 00 00 14 3B AA 01 01 03 01 16 00 00 40 60 00 00 00 00 90 00 89 00 58 02 58 02 92 00 78 00 00 00 C3                                                                                              
                                                                                                                                                                                                                  
AA 01 01 01 07 03 00 00 0E 3B AA 01 01 03 07 10 00 00 40 60 A0 00 69 00 95 00 94 00 73 00 6E 00 87                                                                                                                
                                                                                                                                                                                                                  
AA 01 01 01 04 03 00 00 22 2A AA 01 01 03 04 24 00 00 40 60 FE 13 50 14 2C 01 F4 01 0A 00 0A 00 12 00 1E 00 15 00 1E 00 05 00 0A 00 06 00 1E 00 00 00 01 00 47                                                    
                                                                                                                                                                                                                  
AA 01 01 01 03 03 01 00 14 38 AA 01 01 03 03 16 01 00 F1 0C 00 00 74 06 00 00 2A 08 CD 01 98 08 C6 01 6D 06 00 00 E6                                                                                              
                                                                                                                                                                                                                  

AA 01 01 01 00 03 00 00 1E 32 AA 01 01 03 00 20 00 00 00 00 01 00 08 02 00 00 00 00 00 00 00 00 00 00 00 00 0B 00 0E 00 43 00 3D 00 93 E1 40 00 D9                                                                
                                                                                                                                                                                                                  
AA 01 01 01 02 03 00 00 30 1E AA 01 01 03 02 32 00 00 40 60 00 00 00 00 01 00 BD 02 6A 08 00 00 3B 22 00 00 3B 83 01 00 39 73 0C 00 6D 79 3F 00 83 56 00 00 00 00 00 00 00 00 00 00 00 00 14 00 01 00 64          
                                                                                                                                                                                                                  
AA 01 01 01 01 03 00 00 14 3B AA 01 01 03 01 16 00 00 40 60 00 00 00 00 90 00 89 00 58 02 58 02 92 00 78 00 00 00 C3                                                                                              
                                                                                                                                                                                                                  
AA 01 01 01 07 03 00 00 0E 3B AA 01 01 03 07 10 00 00 40 60 A0 00 69 00 95 00 94 00 73 00 6E 00 87                                                                                                                
                                                                                                                                                                                                                  
AA 01 01 01 04 03 00 00 22 2A AA 01 01 03 04 24 00 00 40 60 FE 13 50 14 2C 01 F4 01 0A 00 0A 00 12 00 1E 00 15 00 1E 00 05 00 0A 00 06 00 1E 00 00 00 01 00 47                                                    
                                                                                                                                                                                                                  
AA 01 01 01 03 03 01 00 14 38 AA 01 01 03 03 16 01 00 F1 0C 00 00 74 06 00 00 2A 08 CD 01 98 08 C6 01 6D 06 00 00 E6 



